$ANSIBLE_VAULT;1.1;AES256
65363164646533323232306634383135613933363934636162343237323438363762316265313262
3439646539366566383335333131346262343837376534320a356236333038613636366438343366
33333238386437353863623733303938356665376639316462306432306466303239653661303235
3631363263646262380a326239306464316633346434326535363631376164386332373763363066
62646637663736346537333266643263373236333361356331633930343065376636386365363435
37653237623730396535326135643961613066333039616338346430336438646664613064313731
65353935383236343863613934333634616434336335653365333362346538363064636462643635
62633037343864313135633036346366383664626434386334363561343662383962613362366366
30323438623466626636643536656535386662666666386637633339303834643162633032633236
30616462623366396361616637336539626633616432383638386336323537343065363438336139
36623038363033346536623436643262313262623531346538323662616164363632366230396566
38303464373238353161346661386663353339656262336361663737373963646330323663623338
31353935393139643332633461333537393331646437343730313533326333366539646361396639
33366564303433663036326335323830313639643533303233393938373333653534653132393634
32303465323830393334616532353731636362643839636361613937613732306237326633663761
30366634363666333130333033626339393666346462646532613630396165386433393034633938
30623831653066343936623563666366383138366436333264643064303562333932613839613639
32343138663937656638306635313139363964313939666137613661303034316236636266313662
36333565333737646435313132643733316238323938386461633534636434323136663762363130
35633061316631633736643964323834343263343464363736393264353866633533356233663331
61393637616338386437383438346439313932643137346139646434633263353431653330353036
30613034626530623335326338376633363238336532646664396538376338333665626338326636
61633730663431646530346264396661303234613962643032313734343631633238636632623761
36363138386333393133643933363561393165346164383132353162313134333433306630656238
35643663306566363366316135313337643638393730636262626133343830626461316464396234
61623431336330356232313661343836373935313066636638383565623364366564396461313237
64373566323065633632626238343537396438653636623762623639353166393165323030303864
63646235303465303963663630663565326665646232353334653566613163316238373661306465
31373935613237626134633062613966653132323166353139343665643962653631343466616535
39616565386230333737313536346431633666303434643336663434343138343761613830363038
66663733393765636261663732623337323466306363383632376132613734353961653539333664
65306366396533623839613665373463346164306362363162376537393135343666376334623465
63633832316662623866393634653132663837326632653036663062646263366565333930313633
61303836316136366462383338333866303762373461623234393133666366626338333165663362
33313039373135616566373530333664646364343666316337383033346562666531343963666533
39363731313637303233303635613161336234333632303630313335613631313930353634396261
39373833303238373739623939643939613466643535613263656330653336366230613831346434
37663233326638333233376239353431663763636338623638386336373536336131666666366265
33626261663838393135383739343137346338333266663735366263643537383236626432343034
66613736353738333163656561313835623065336337376266363662353339333035363464633131
38326534666439313763656439373133633764353639363335366634346531626162616232636232
31383166643436333365626331393865356666646262363238623065643762323531663865336232
36333561626361363632323265643138346265623732396661363265396339373263623333336234
33393337396361316437643133616263323661333763313431393039373234313633316562313861
63333165333732626635333635623461343365306439386663383233623433626564343935663663
33393934346665643932346639323231636432643465626263623164333936633466346536326639
65313137653832666366636234636137643332333837376132633962333834333638643635373766
62343162396462363831653865636430323933313763393835373030353864643362316161643333
33356435343361386665323934303634646535373931343930353764366531373064643238636337
34356263373936373566376335303364383331393935383461643430303431333935393938396166
36363736653365326436303539353034613364313936626130363732373938666139386433336232
61396336313333373337343263346365616163383136616630313238303333386265333536386639
62386330663236656432386436633964646564373930326639393562623036363066373166386464
63653934313561313266616238386232366230633332343834363962356463666638393761326532
32333065666466626136363862323435366463383564313061333933346139333761326133623561
30643737323632323334616261323938366566613636653231303064376337663434383134356634
62343965323637303939396630303236303637313630633636356633333761376339386561386165
65353039323936386466303965653365363538663561323732396162386365656431396463643963
38386561363064316363393430666232336232393230353162353532383762316532313535656337
65373139396131326233663030313738663562653565373539663933663462666562303363353637
39316137646465396138633063353532656538356239326134316233323130383533636162366335
34386661396665393037303066313730343531643565323033353163323632373862383533643533
65636638326633343832636466373336613639333162343632333161633732613138346433343732
35343465643031356331383733343539646334333964306664323065636439373732656535613039
62343131373731383661343134343337323262663530313631383530363665343765636162336230
30343939393836363834613039666434656332643830623030386133326539653533356535636633
33376666363535363337633034356531323737376338383435343861363130626237356463353533
31623764303763313134323561633539656231373661396636383539613730306633333561666534
37643731366663353836323733656465663463646666663433333335316332343661666265653731
39393230383564373366633331633964333831336139333665373363356433666262306166353136
66343337353439363732393530393833363030363465383666396433393736366132373332303363
65313236303362313837363931356133336462626330343234396337343237643735663163323239
30616662643566653733326163376464323361646439633334353564353366646165373631356130
66393564636663373637303234623733643264613466336161373132363664386233383134653633
35313664396539656538376261326230623434343633656337323363363731393436373331643761
37353230303466373266646466306561363836336332656366343863626564306462363163353138
34353035663931666563343462366333343165353634643431326631336131303734333436376634
39323838313535353934646363666165346163383735333933643632636136383937636130626535
65383932336433316264306163663133613964623731313536393465643463656634353735356331
65393332343039346635386562633433376230366230303932356565623030333439633765323337
66626131313033363066333532343931333434316164393462323036643337343231653438396166
35396130343634316530343063393163656530313163643439663565343966386235646237623733
37363232343239646466636539666162323731656638613565303766313465373930326436306136
35633966623336343463636534393464383465303262303036343236386465343933656437393337
31336230356463346164376132353936626262393934383031333063636437383739336132653366
37333437353364666335323463303663333830336238623562653934653761356236386165636336
30346366386432653437663463633432343138613432376537323632646234386537636161343336
38363036343061383961
